2054488
26449662
14099833
27878849
27269922
28173158
1854343
27264148
28210586
1492299
28317826
25198682
28269854
27765309
14327292
27911390
24679571
20060374
16388623
27724877
25171937
16379940
15612084
20975932
610007284
27724396
20973279
27968884
26386940
40742506
11662325
1859598
27511212
3125175
27483150
21772034
3371490
14948722
14943120
15086112
40511105
23973448
1859705
26662172
24462423
2573727
15524118
1856355
10658553
40422210
1852016
14811323
14810950
27194371
1036913
22468542
7075997
2980195
24666748
28263365
21952411
14810778
18009091
3347914
6644310
23777477
3327578
6615439
26632947
6182378
27910651
20426412
40538235
2037997
1788913
1857633
40675169
10654462
14814078
22460968
51884843
17279670
1681017
7323269
16258022
27323505
23775107
7320226
11665098
40654631
40658974
11402549
40494922
40505489
610093123
15086037
18915829
20696894
7317048
16373408
17054782
3122331
40117167
2892322
10650762
11503301
19533848
40060122
1020210
16374664
2941514
3124816
19255210
22995300
14810294
1854414
27716988
40022797
6615982
22998370
7357707
2691655
3345232
6766750
7319113
40399925
16373111
14412461
40555354
7070658
14227819
23298453
51835933
19033365
14817076
10831541
3347487
3248820
17198895
22186725
24399616
10215835
27725110
22946032
14446132
15522815
23976848
28069285
7196825
40393983
19664106
19176473
11405571
51745713
2945489
2762341
7327875
21577774
40276644
1856109
7222060
7076733
7733516
18348752
19250741
20642682
20690753
20843778
20896197
23802032
24652299
24710467
24828819
24914677
23839082
24984184
18004209
23773715
23774850
23775345
23775762
23776608
23777469
23777474
23777475
23777478
23777480
23777489
23777492
23778119
40414918
40480651
40501976
40508969
40518099
40520261
40554932
40573490
40658037
40675562
40691118
2690411
2941739
2942450
15524559
15743599
16181845
16459255
19535187
51811475
1069751
1470602
1721335
1756882
1783844
2006981
2052684
3325990
7195157
15090102
22600682
23625469
27049198
21387977
21708237
23863387
24429957
24832934
26810818
26815363
26816433
26912862
26913503
26915842
26959526
27061061
27720130
27911657
6615212
6616302
6621866
1852793
1856881
3181205
6414861
7320344
14221415
14221418
14221420
14221607
14227511
14227993
14453312
23849925
23925257
24025735
24178309
24226940
24392606
27198165
27713954
27716722
27760093
27760824
27765309
27873702
27963670
3347766
7074487
10212364
10831148
11342958
11347634
11348691
11661104
14814120
14818448
15084871
16373101
16602581
18039410
23065446
23203533
26515853
26564997
26569423
26630119
26681777
26681971
26688798
26688811
26688822
26750174
26750180
26750193
26750197
26759441
27483123
20060472
20068515
20096394
20102035
20111405
20111412
20111491
40440821
12039643
16561663
23349362
19063083
19173271
19250669
19251118
19561052
20280940
24820897
26380930
23776704
610044233
610048974
610052339
610092956
6782134
40008837
40015843
40034899
40056864
40057466
40059849
40059911
40070385
40070967
40074142
40075390
40078382
40078584
40225959
40415084
2948300
7352489
7352492
16453376
18323992
51800127
51876133
12010729
12136255
1502302
1729072
1770832
1777271
2005228
11402687
21380143
21615935
21700943
21708966
22504904
22655283
26664250
27001987
27911390
6172311
6172440
6178160
6181347
6181606
6186802
6189977
6602512
14229299
14355763
24021787
24461451
24627993
27541062
24969976
27716259
28062564
28122099
3036113
15081186
16374346
17051752
17054352
24670805
26753796
20105144
26141196
24414813
25171937
12069208
25198682
27911390
28064928
25188388
600001033
600001032
28172187
27049198
27765309
28172386
22712184
28172386
28172498
28172497
28172263
853033
28311024
28263365
28175942
28319097
25226874
28314529
28314533
28314551
11562174
28177200
28177263
28177343
28178136
25157788
14943120
504057357
27917800
504057357
27579167
855117
28178508
28924893
28941774
28941816
28941882
856379
28311671
28941942
28942126
856716
28143696
28942660
28942824
28942996
28943044
28942350
28942376
28942554
28942547	
29025163
28942652
28943588
28176833
28944001
25322242
29053080
28311671
29026769
28945826
29026692
28170550
28941787
28947073
